24
XOR3    376  168 L
XOR3    376  248 L
XOR3    392  328 L
XOR3    376  408 L
XOR3    344  472 L
XOR3    376  552 L
XOR3    472  168 L
XOR3    472  248 L
XOR3    472  328 L
XOR3    456  424 L
XOR3    472  504 L
XOR3    472  584 L
XOR3    584  248 L
XOR3    584  488 L
XOR3    696  408 L
SWITCH   136  360 L
SWITCH   136  296 L
SWITCH   136  168 L
SWITCH   136  488 L
SWITCH   120  568 L
SWITCH   600  408 L
LED    904  408 L
XOR3    232  424 L
SWITCH   120  424 L
Connections
49
  169  384  406  365 L
  169  384  390  419 L
  169  384  390  432 L
  169  320  390  285 L
  169  320  390  272 L
  169  320  390  259 L
  169  192  390  192 L
  169  192  390  205 L
  169  192  390  179 L
  169  512  358  496 L
  169  512  358  483 L
  169  512  358  509 L
  153  592  390  589 L
  153  592  390  576 L
  153  592  390  563 La
  409  192  486  192 L
  409  192  486  179 L
  409  192  486  205 L
  409  272  486  272 L
  409  272  486  259 L
  409  272  486  285 L
  425  352  486  352 L
  425  352  486  339 L
  425  352  486  365 L
  505  192  598  259 L
  505  272  598  272 L
  505  352  598  285 L
  489  448  598  499 L
  505  528  598  512 L
  505  608  598  525 L
  617  512  710  445 L
  617  272  710  419 L
  633  432  710  432 L
  409  432  470  435 L
  409  432  470  448 L
  409  432  470  461 L
  377  496  486  515 L
  377  496  486  528 L
  377  496  486  541 L
  409  576  486  595 L
  409  576  486  608 L
  409  576  486  621 L
  153  448  246  448 L
  153  448  246  435 L
  153  448  246  461 L
  265  448  390  445 L
  265  448  406  352 L
  265  448  406  339 L
  729  432  918  432 L
