A||x||y||sa||as||G||as||as||
0  0  0   0   0  0   0   0  
0  0  0   0   1  0   0   1  
0  0  0   1   0  0   1   0  
0  0  0   1   1  0   1   1  
0  0  1   0   0  1   0   0  
0  0  1   0   1  1   0   1  
0  0  1   1   0  1   1   0  
0  0  1   1   1  1   1   1  
0  1  0   0   0  0   0   0  
0  1  0   0   1  0   0   1  
0  1  0   1   0  0   1   0  
0  1  0   1   1  0   1   1  
0  1  1   0   0  1   0   0  
0  1  1   0   1  1   0   1  
0  1  1   1   0  1   1   0  
0  1  1   1   1  1   1   1  
1  0  0   0   0  1   0   0  
1  0  0   0   1  1   0   1  
1  0  0   1   0  1   1   0  
1  0  0   1   1  1   1   1  
1  0  1   0   0  0   0   0  
1  0  1   0   1  0   0   1  
1  0  1   1   0  0   1   0  
1  0  1   1   1  0   1   1  
1  1  0   0   0  1   0   0  
1  1  0   0   1  1   0   1  
1  1  0   1   0  1   1   0  
1  1  0   1   1  1   1   1  
1  1  1   0   0  0   0   0  
1  1  1   0   1  0   0   1  
1  1  1   1   0  0   1   0  
1  1  1   1   1  0   1   1  
